21 11
1 1 1 1 1 1 1 1 1 1 1 1 1 1 1 1 1 1 1 1 1
1 2 0 0 0 1 0 0 0 0 0 0 0 0 1 0 0 0 0 0 1
1 0 1 1 0 1 0 1 1 1 1 1 1 0 1 0 1 1 1 0 1
1 0 1 0 0 0 0 0 0 0 0 0 0 0 0 0 0 1 0 0 1
1 0 1 0 1 1 0 1 1 4 4 1 1 0 1 1 0 1 0 1 1
5 0 0 0 0 0 0 1 6 7 8 9 1 0 0 0 0 0 0 0 5
1 0 1 0 1 1 0 1 1 1 1 1 1 0 1 1 0 1 0 1 1
1 0 1 0 0 0 0 0 0 3 0 0 0 0 0 0 0 1 0 0 1
1 0 1 1 0 1 0 1 1 1 1 1 1 0 1 0 1 1 1 0 1
1 0 0 0 0 1 0 0 0 0 0 0 0 0 1 0 0 0 2 0 1
1 1 1 1 1 1 1 1 1 1 1 1 1 1 1 1 1 1 1 1 1

-- En betyr vegg
-- To power up
-- Tre Pacman spawn
-- Fire Spøkelse spawn
-- Fem Teleport
-- Seks Kun svart rektangel




